number of vertices :  31 
number of required edges  34 
1 2 1 3 
1 3 4 4 
2 3 5 10 
3 4 3 9 
4 5 2 3 
6 7 6 18 
7 8 9 21 
8 9 3 3 
10 11 2 4 
10 12 4 5 
11 12 1 3 
12 13 3 4 
12 14 5 9 
13 14 2 5 
15 16 2 3 
15 17 3 4 
16 17 7 12 
16 20 4 5 
17 20 1 3 
17 18 6 15 
17 19 1 3 
18 19 4 12 
19 20 6 12 
19 21 3 8 
20 21 2 4 
22 23 7 14 
24 25 5 8 
25 26 8 18 
27 28 6 6 
28 29 5 10 
28 30 5 7 
28 31 2 2 
29 30 8 17 
30 31 4 10 
number of non required edges  60 
1 6 12 11 
1 7 10 9 
1 23 12 7 
2 5 8 4 
2 30 9 8 
2 31 7 0 
3 30 11 8 
3 31 9 7 
4 7 9 3 
5 6 7 1 
5 23 7 4 
5 30 9 5 
5 31 7 3 
6 8 1 0 
6 23 5 3 
6 29 18 2 
6 30 11 8 
7 9 2 1 
8 11 8 0 
8 14 9 2 
8 18 14 4 
8 21 15 7 
8 22 7 5 
9 10 6 3 
9 14 9 1 
9 18 14 11 
9 21 15 1 
9 22 7 2 
10 13 3 2 
11 14 3 2 
11 18 8 0 
11 22 7 5 
13 15 3 1 
14 18 7 4 
14 22 8 3 
18 22 9 4 
18 24 12 9 
18 26 12 2 
18 29 14 5 
18 30 19 3 
21 22 10 4 
21 24 13 1 
21 26 13 10 
21 29 15 12 
21 30 20 2 
22 24 11 6 
22 26 8 0 
22 29 10 8 
22 30 15 2 
23 24 14 1 
23 26 11 1 
23 29 13 6 
23 30 11 6 
24 26 9 8 
24 29 11 1 
24 30 16 12 
26 27 8 5 
26 29 7 1 
26 30 13 1 
27 29 3 1 
