number of vertices :   64
number of required edges        27
2 3 1 3 
2 10 1 1 
3 4 1 2 
12 20 1 3 
13 14 1 2 
15 16 1 3 
16 24 1 2 
19 20 1 1 
22 30 1 2 
24 32 1 1 
27 28 1 3 
30 31 1 1 
31 32 1 2 
33 41 1 3 
34 42 1 1 
36 44 1 1 
37 38 1 2 
38 39 1 1 
39 40 1 3 
42 43 1 3 
42 50 1 3 
45 46 1 3 
46 47 1 2 
50 58 1 3 
54 62 1 2 
56 64 1 2 
63 64 1 1 
number of non required edges        85
1 2 1 0 
1 9 1 0 
3 11 1 0 
4 5 1 0 
4 12 1 0 
5 6 1 0 
5 13 1 0 
6 7 1 0 
6 14 1 0 
7 8 1 0 
7 15 1 0 
8 16 1 0 
9 10 1 0 
9 17 1 0 
10 11 1 0 
10 18 1 0 
11 12 1 0 
11 19 1 0 
12 13 1 0 
13 21 1 0 
14 15 1 0 
14 22 1 0 
15 23 1 0 
17 18 1 0 
17 25 1 0 
18 19 1 0 
18 26 1 0 
19 27 1 0 
20 21 1 0 
20 28 1 0 
21 22 1 0 
21 29 1 0 
22 23 1 0 
23 24 1 0 
23 31 1 0 
25 26 1 0 
25 33 1 0 
26 27 1 0 
26 34 1 0 
27 35 1 0 
28 29 1 0 
28 36 1 0 
29 30 1 0 
29 37 1 0 
30 38 1 0 
31 39 1 0 
32 40 1 0 
33 34 1 0 
34 35 1 0 
35 36 1 0 
35 43 1 0 
36 37 1 0 
37 45 1 0 
38 46 1 0 
39 47 1 0 
40 48 1 0 
41 42 1 0 
41 49 1 0 
43 44 1 0 
43 51 1 0 
44 45 1 0 
44 52 1 0 
45 53 1 0 
46 54 1 0 
47 48 1 0 
47 55 1 0 
48 56 1 0 
49 50 1 0 
49 57 1 0 
50 51 1 0 
51 52 1 0 
51 59 1 0 
52 53 1 0 
52 60 1 0 
53 54 1 0 
53 61 1 0 
54 55 1 0 
55 56 1 0 
55 63 1 0 
57 58 1 0 
58 59 1 0 
59 60 1 0 
60 61 1 0 
61 62 1 0 
62 63 1 0 
