number of vertices :   64
number of required edges        68
1 2 1 3 
2 3 1 1 
2 10 1 2 
3 4 1 3 
4 12 1 2 
5 13 1 3 
6 7 1 2 
6 14 1 1 
7 8 1 2 
7 15 1 1 
8 16 1 3 
9 10 1 1 
9 17 1 2 
10 11 1 3 
10 18 1 1 
11 12 1 1 
13 14 1 2 
13 21 1 1 
14 15 1 3 
14 22 1 3 
15 16 1 3 
15 23 1 3 
16 24 1 2 
17 18 1 3 
18 19 1 2 
18 26 1 2 
19 20 1 1 
19 27 1 2 
20 28 1 1 
21 29 1 2 
22 23 1 1 
23 31 1 1 
24 32 1 2 
27 28 1 3 
29 30 1 3 
33 41 1 3 
34 42 1 2 
35 36 1 2 
35 43 1 3 
36 44 1 1 
37 38 1 3 
38 39 1 3 
39 40 1 2 
39 47 1 1 
40 48 1 3 
41 42 1 2 
41 49 1 2 
44 52 1 1 
45 46 1 3 
45 53 1 1 
46 47 1 3 
46 54 1 2 
47 48 1 1 
47 55 1 1 
48 56 1 1 
49 50 1 2 
49 57 1 3 
50 51 1 2 
50 58 1 1 
51 52 1 3 
52 60 1 1 
53 54 1 2 
54 55 1 3 
55 56 1 3 
55 63 1 1 
61 62 1 3 
62 63 1 2 
63 64 1 3 
number of non required edges        44
1 9 1 0 
3 11 1 0 
4 5 1 0 
5 6 1 0 
11 19 1 0 
12 13 1 0 
12 20 1 0 
17 25 1 0 
20 21 1 0 
21 22 1 0 
22 30 1 0 
23 24 1 0 
25 26 1 0 
25 33 1 0 
26 27 1 0 
26 34 1 0 
27 35 1 0 
28 29 1 0 
28 36 1 0 
29 37 1 0 
30 31 1 0 
30 38 1 0 
31 32 1 0 
31 39 1 0 
32 40 1 0 
33 34 1 0 
34 35 1 0 
36 37 1 0 
37 45 1 0 
38 46 1 0 
42 43 1 0 
42 50 1 0 
43 44 1 0 
43 51 1 0 
44 45 1 0 
51 59 1 0 
52 53 1 0 
53 61 1 0 
54 62 1 0 
56 64 1 0 
57 58 1 0 
58 59 1 0 
59 60 1 0 
60 61 1 0 
