number of vertices :   36
number of required edges        34
2 3 77 227 
2 9 21 23 
3 8 31 61 
4 8 36 102 
5 7 40 68 
5 8 70 201 
6 7 5 12 
6 8 43 44 
11 14 24 49 
11 17 24 33 
12 14 60 173 
13 17 36 50 
14 16 4 7 
15 16 48 124 
15 17 10 16 
15 18 6 9 
19 20 61 104 
19 21 55 69 
20 26 39 94 
20 27 6 15 
21 25 18 47 
22 23 33 94 
22 26 15 30 
23 24 27 68 
24 26 15 29 
28 29 24 47 
28 32 21 33 
29 32 43 96 
29 36 17 19 
30 33 34 68 
30 34 15 21 
30 35 51 55 
31 32 22 47 
33 36 35 84 
number of non required edges        38
1 6 13 12 
1 7 8 7 
1 19 169 106 
1 25 180 108 
2 20 16 15 
2 27 12 1 
3 12 31 25 
3 23 19 16 
4 9 17 5 
4 24 13 2 
4 26 27 18 
5 6 36 22 
5 25 193 87 
7 16 62 1 
9 24 29 22 
9 27 32 5 
10 13 37 28 
10 28 43 24 
10 29 34 2 
10 31 67 18 
11 16 21 6 
11 18 28 14 
12 31 28 20 
12 32 19 11 
13 15 32 4 
13 18 26 21 
14 19 179 22 
17 18 12 4 
21 22 48 41 
21 34 68 46 
22 27 53 3 
23 31 42 34 
25 30 56 33 
28 36 36 24 
33 34 19 7 
33 35 17 9 
34 35 36 29 
35 36 22 4 
