number of vertices :   64
number of required edges        28
1 5 22 65 
2 3 29 32 
3 6 21 41 
3 7 43 122 
4 11 27 46 
5 7 20 58 
7 15 40 93 
10 11 22 22 
12 13 1 2 
17 27 22 31 
18 28 27 78 
19 25 25 35 
20 21 22 39 
22 24 18 47 
22 26 15 23 
26 30 22 34 
27 32 44 75 
36 41 19 24 
37 46 26 63 
38 45 20 50 
42 47 15 39 
51 56 17 49 
52 56 10 20 
52 64 10 26 
53 57 121 231 
54 58 21 41 
56 61 12 19 
58 62 26 58 
number of non required edges       100
1 8 63 4 
1 11 69 34 
1 14 18 3 
2 4 26 1 
2 12 12 6 
2 13 13 9 
3 4 3 2 
4 12 36 32 
5 14 16 10 
5 17 45 27 
6 9 10 9 
6 10 9 1 
6 16 18 14 
7 17 25 21 
8 15 12 4 
8 27 57 10 
8 31 14 9 
9 10 8 5 
9 14 22 9 
9 16 13 0 
10 16 21 16 
11 44 48 7 
12 34 21 16 
13 34 19 10 
13 44 28 2 
14 16 8 2 
15 31 17 5 
15 49 36 19 
17 22 30 22 
18 20 8 5 
18 21 18 2 
18 25 12 9 
19 21 18 2 
19 29 16 5 
19 32 50 43 
20 25 18 12 
20 28 20 1 
21 25 6 4 
22 30 14 8 
23 28 15 10 
23 49 33 13 
23 55 10 5 
23 62 17 14 
24 26 16 3 
24 29 36 15 
24 30 11 1 
26 31 35 14 
27 29 88 8 
28 62 24 19 
29 57 73 63 
30 32 31 3 
31 46 48 27 
32 62 106 2 
33 38 9 7 
33 42 26 3 
33 47 20 1 
33 48 20 3 
34 35 15 7 
34 36 19 11 
35 37 7 6 
35 39 30 2 
35 41 50 38 
36 43 66 48 
36 44 26 5 
37 39 23 2 
37 43 42 24 
38 40 26 23 
38 48 11 2 
39 46 17 6 
39 55 60 31 
40 43 32 27 
40 45 11 9 
40 48 15 0 
41 42 103 72 
41 44 30 1 
42 53 18 8 
43 45 21 18 
45 48 13 6 
46 49 29 16 
47 53 9 6 
47 63 57 18 
49 55 27 18 
50 51 8 2 
50 60 6 2 
50 61 11 6 
50 63 40 16 
51 60 14 6 
51 61 5 3 
52 57 32 28 
52 60 25 1 
53 63 48 31 
54 59 42 41 
54 60 10 8 
54 64 36 14 
55 58 29 5 
56 64 2 1 
57 59 6 5 
58 59 49 5 
59 63 85 11 
61 64 9 3 
