number of vertices :   64
number of required edges        29
1 14 54 159 
1 15 10 11 
2 9 21 41 
3 10 10 29 
6 11 24 41 
7 11 28 81 
7 15 9 21 
8 13 16 16 
9 12 20 41 
9 16 43 60 
14 16 4 12 
18 28 39 55 
27 28 50 88 
33 46 19 49 
34 39 38 60 
34 41 33 50 
35 36 22 38 
35 46 3 3 
36 44 23 56 
36 45 29 72 
37 40 21 55 
38 48 20 57 
51 58 28 57 
51 64 16 41 
52 62 22 42 
53 54 23 45 
53 56 20 32 
54 55 54 120 
54 60 30 34 
number of non required edges        99
1 5 43 21 
1 7 8 1 
2 4 35 1 
2 12 11 6 
2 14 56 39 
3 8 31 29 
3 47 7 6 
3 58 24 15 
4 9 17 10 
4 12 28 26 
4 48 16 2 
5 6 36 29 
5 16 34 29 
5 60 234 81 
6 7 5 0 
6 15 13 8 
8 10 27 17 
8 11 27 12 
10 45 25 0 
10 47 15 11 
11 16 21 3 
12 48 26 19 
13 19 22 12 
13 27 60 4 
13 30 30 8 
14 37 159 52 
15 20 29 15 
17 18 12 8 
17 22 28 17 
17 23 13 1 
17 29 4 3 
18 23 22 2 
18 29 14 5 
19 30 8 6 
19 31 42 29 
19 63 39 2 
20 27 6 4 
20 31 20 12 
20 32 25 17 
21 24 77 32 
21 25 18 9 
21 30 46 38 
21 62 34 7 
22 26 15 6 
22 28 4 0 
22 29 24 9 
23 24 27 2 
23 29 16 13 
24 26 15 12 
24 32 19 2 
25 37 116 66 
25 52 31 0 
25 62 19 16 
26 28 10 1 
26 32 14 1 
27 31 27 4 
30 63 35 16 
31 32 22 13 
33 34 19 17 
33 35 17 1 
33 41 29 22 
34 42 37 27 
35 43 22 4 
36 43 5 0 
37 61 36 21 
38 39 13 11 
38 42 18 3 
38 57 70 28 
39 41 10 5 
39 42 6 5 
40 46 23 18 
40 52 122 7 
40 61 57 40 
41 42 5 0 
43 46 21 10 
43 57 24 21 
44 57 11 5 
44 58 10 5 
44 64 26 18 
45 47 25 8 
45 48 27 18 
47 55 63 17 
49 55 45 15 
49 56 8 4 
49 60 26 10 
49 61 24 10 
50 52 21 15 
50 53 28 24 
50 59 27 1 
50 62 40 26 
51 57 29 28 
51 63 15 12 
53 59 7 2 
54 59 31 6 
55 61 39 37 
56 59 22 21 
56 60 23 2 
58 64 16 2 
63 64 5 1 
