number of vertices :   64
number of required edges        27
5 16 26 77 
7 11 20 22 
9 16 8 16 
12 16 12 34 
17 20 12 20 
18 23 20 58 
18 27 44 102 
22 27 25 26 
22 29 9 18 
24 25 24 33 
25 30 18 52 
28 32 52 73 
29 32 34 60 
31 32 17 44 
33 40 30 47 
34 36 33 50 
35 44 11 19 
36 43 22 27 
37 40 10 24 
37 44 24 60 
40 44 32 84 
51 54 22 63 
52 59 6 12 
53 58 85 215 
55 60 48 92 
56 60 8 16 
59 62 10 16 
number of non required edges       101
1 4 71 43 
1 6 23 1 
1 14 25 12 
1 42 151 33 
2 9 23 0 
2 10 20 11 
2 12 19 13 
2 14 25 23 
3 14 56 51 
3 17 9 5 
3 20 7 4 
3 23 21 19 
4 9 25 3 
4 16 33 26 
4 25 115 100 
5 10 39 13 
5 12 22 4 
5 15 31 20 
6 7 13 8 
6 13 28 12 
6 20 46 1 
7 8 20 15 
7 24 22 3 
8 10 31 23 
8 11 13 7 
8 13 7 0 
9 12 20 5 
10 14 6 1 
11 13 9 4 
11 33 17 12 
13 33 25 15 
15 38 113 15 
15 39 43 35 
15 45 32 4 
17 18 33 11 
17 23 12 10 
18 21 19 13 
19 25 49 2 
19 31 22 17 
19 32 35 21 
19 53 18 12 
20 23 21 8 
21 27 26 14 
21 53 101 83 
21 58 186 42 
22 26 7 2 
22 28 11 1 
24 30 15 6 
24 63 16 1 
26 27 30 24 
26 28 19 16 
26 29 1 0 
28 29 21 12 
30 31 21 0 
30 63 19 16 
31 63 36 5 
33 46 29 2 
34 38 66 10 
34 49 19 8 
34 62 24 14 
35 39 25 22 
35 41 28 2 
35 48 31 23 
36 48 31 22 
36 49 25 5 
37 45 13 1 
37 48 28 16 
38 41 31 28 
38 42 30 5 
39 44 14 5 
39 45 28 14 
40 45 6 5 
41 42 10 8 
41 55 118 7 
42 58 168 118 
43 46 11 0 
43 47 1 0 
43 52 14 12 
46 47 13 6 
46 48 30 17 
47 52 12 8 
47 59 19 6 
49 57 1 0 
49 62 5 1 
50 51 26 9 
50 54 6 3 
50 61 40 16 
50 64 23 10 
51 60 30 22 
51 61 20 17 
52 57 18 1 
53 61 77 50 
54 56 31 30 
54 64 17 14 
55 56 43 16 
55 63 20 4 
56 64 14 13 
57 59 12 11 
57 62 3 0 
58 61 25 3 
60 64 14 5 
