number of vertices :   64
number of required edges        47
1 14 54 159 
1 15 10 11 
2 9 21 41 
3 10 10 29 
4 9 17 29 
5 16 34 98 
6 11 24 56 
7 11 28 29 
7 15 9 18 
8 13 16 22 
9 12 20 58 
9 16 43 60 
14 16 4 7 
17 29 4 11 
18 28 39 61 
19 31 42 64 
21 30 46 79 
22 29 24 30 
23 29 16 39 
24 26 15 37 
27 28 50 131 
27 31 27 77 
33 46 19 38 
34 39 38 96 
34 41 33 63 
35 36 22 43 
35 46 3 5 
36 44 23 51 
36 45 29 33 
37 40 21 42 
38 39 13 18 
38 42 18 19 
38 48 20 43 
39 42 6 15 
45 48 27 79 
49 60 26 74 
50 52 21 48 
51 57 29 64 
51 58 28 81 
51 63 15 19 
51 64 16 42 
52 62 22 61 
53 54 23 39 
53 56 20 27 
54 55 54 127 
54 60 30 68 
56 60 23 44 
number of non required edges        81
1 5 43 1 
1 7 8 6 
2 4 35 5 
2 12 11 8 
2 14 56 31 
3 8 31 2 
3 47 7 1 
3 58 24 7 
4 12 28 14 
4 48 16 11 
5 6 36 22 
5 60 234 32 
6 7 5 4 
6 15 13 1 
8 10 27 9 
8 11 27 23 
10 45 25 17 
10 47 15 0 
11 16 21 17 
12 48 26 15 
13 19 22 15 
13 27 60 25 
13 30 30 16 
14 37 159 132 
15 20 29 6 
17 18 12 5 
17 22 28 4 
17 23 13 5 
18 23 22 2 
18 29 14 11 
19 30 8 6 
19 63 39 4 
20 27 6 3 
20 31 20 0 
20 32 25 22 
21 24 77 10 
21 25 18 1 
21 62 34 5 
22 26 15 7 
22 28 4 2 
23 24 27 24 
24 32 19 1 
25 37 116 88 
25 52 31 22 
25 62 19 4 
26 28 10 1 
26 32 14 8 
30 63 35 31 
31 32 22 4 
33 34 19 7 
33 35 17 8 
33 41 29 25 
34 42 37 30 
35 43 22 1 
36 43 5 3 
37 61 36 1 
38 57 70 34 
39 41 10 8 
40 46 23 10 
40 52 122 70 
40 61 57 39 
41 42 5 1 
43 46 21 14 
43 57 24 6 
44 57 11 3 
44 58 10 5 
44 64 26 10 
45 47 25 11 
47 55 63 47 
49 55 45 39 
49 56 8 0 
49 61 24 15 
50 53 28 27 
50 59 27 22 
50 62 40 15 
53 59 7 1 
54 59 31 29 
55 61 39 38 
56 59 22 2 
58 64 16 2 
63 64 5 1 
