number of vertices :   64
number of required edges        51
1 14 25 74 
2 10 20 22 
2 12 19 37 
3 14 56 158 
5 10 39 66 
5 15 31 89 
5 16 26 60 
6 7 13 13 
7 11 20 41 
9 16 8 11 
10 14 6 18 
11 13 9 12 
12 16 12 21 
17 18 33 86 
17 20 12 19 
18 23 20 30 
18 27 44 75 
19 25 49 61 
19 31 22 53 
22 27 25 62 
22 28 11 29 
22 29 9 26 
24 25 24 49 
25 30 18 46 
28 29 21 40 
28 32 52 101 
29 32 34 54 
31 32 17 38 
33 40 30 34 
33 46 29 58 
34 36 33 47 
35 44 11 11 
36 43 22 47 
37 40 10 24 
37 44 24 70 
37 48 28 80 
39 44 14 32 
40 44 32 71 
41 42 10 29 
49 57 1 1 
49 62 5 13 
50 64 23 64 
51 54 22 37 
52 59 6 8 
53 58 85 199 
54 56 31 70 
55 60 48 91 
56 60 8 8 
56 64 14 36 
57 62 3 4 
59 62 10 26 
number of non required edges        77
1 4 71 40 
1 6 23 1 
1 42 151 41 
2 9 23 7 
2 14 25 13 
3 17 9 6 
3 20 7 4 
3 23 21 2 
4 9 25 20 
4 16 33 4 
4 25 115 41 
5 12 22 18 
6 13 28 19 
6 20 46 2 
7 8 20 16 
7 24 22 13 
8 10 31 21 
8 11 13 5 
8 13 7 3 
9 12 20 16 
11 33 17 3 
13 33 25 10 
15 38 113 20 
15 39 43 17 
15 45 32 2 
17 23 12 9 
18 21 19 16 
19 32 35 4 
19 53 18 10 
20 23 21 0 
21 27 26 23 
21 53 101 14 
21 58 186 17 
22 26 7 1 
24 30 15 7 
24 63 16 9 
26 27 30 27 
26 28 19 1 
26 29 1 0 
30 31 21 15 
30 63 19 4 
31 63 36 4 
34 38 66 39 
34 49 19 17 
34 62 24 4 
35 39 25 10 
35 41 28 14 
35 48 31 27 
36 48 31 25 
36 49 25 1 
37 45 13 9 
38 41 31 1 
38 42 30 14 
39 45 28 24 
40 45 6 2 
41 55 118 68 
42 58 168 116 
43 46 11 3 
43 47 1 0 
43 52 14 3 
46 47 13 4 
46 48 30 17 
47 52 12 4 
47 59 19 8 
50 51 26 19 
50 54 6 5 
50 61 40 2 
51 60 30 19 
51 61 20 19 
52 57 18 14 
53 61 77 30 
54 64 17 3 
55 56 43 41 
55 63 20 19 
57 59 12 1 
58 61 25 3 
60 64 14 5 
