number of vertices :   64
number of required edges        68
1 5 22 65 
1 11 69 78 
2 3 29 57 
2 4 26 74 
2 13 13 22 
3 4 3 9 
3 6 21 49 
3 7 43 44 
4 11 27 55 
4 12 36 50 
5 7 20 58 
5 14 16 22 
6 9 10 17 
6 16 18 47 
7 15 40 63 
9 10 8 12 
9 16 13 22 
10 11 22 27 
10 16 21 51 
12 13 1 3 
17 22 30 78 
17 27 22 63 
18 20 8 16 
18 25 12 31 
18 28 27 52 
19 25 25 49 
19 29 16 25 
19 32 50 111 
20 21 22 25 
22 24 18 36 
22 26 15 21 
23 28 15 16 
24 29 36 77 
26 30 22 53 
27 29 88 256 
27 32 44 125 
33 38 9 20 
33 48 20 44 
34 35 15 44 
34 36 19 24 
35 39 30 79 
35 41 50 138 
36 41 19 32 
36 43 66 90 
37 46 26 61 
38 40 26 59 
38 45 20 38 
38 48 11 11 
39 46 17 43 
40 45 11 14 
41 44 30 76 
42 47 15 32 
43 45 21 24 
49 55 27 42 
50 51 8 13 
50 63 40 82 
51 56 17 43 
52 56 10 23 
52 57 32 41 
52 64 10 27 
53 57 121 151 
54 58 21 36 
54 59 42 115 
54 64 36 86 
56 61 12 13 
56 64 2 6 
57 59 6 13 
58 62 26 62 
number of non required edges        60
1 8 63 26 
1 14 18 9 
2 12 12 9 
5 17 45 10 
6 10 9 3 
7 17 25 4 
8 15 12 4 
8 27 57 5 
8 31 14 11 
9 14 22 19 
11 44 48 5 
12 34 21 12 
13 34 19 0 
13 44 28 24 
14 16 8 1 
15 31 17 1 
15 49 36 5 
18 21 18 8 
19 21 18 11 
20 25 18 16 
20 28 20 1 
21 25 6 4 
22 30 14 10 
23 49 33 7 
23 55 10 1 
23 62 17 10 
24 26 16 14 
24 30 11 2 
26 31 35 14 
28 62 24 12 
29 57 73 63 
30 32 31 25 
31 46 48 3 
32 62 106 74 
33 42 26 1 
33 47 20 9 
35 37 7 6 
36 44 26 12 
37 39 23 13 
37 43 42 29 
39 55 60 19 
40 43 32 22 
40 48 15 4 
41 42 103 36 
42 53 18 10 
45 48 13 5 
46 49 29 12 
47 53 9 6 
47 63 57 50 
50 60 6 0 
50 61 11 7 
51 60 14 13 
51 61 5 4 
52 60 25 9 
53 63 48 9 
54 60 10 9 
55 58 29 28 
58 59 49 5 
59 63 85 11 
61 64 9 3 
