number of vertices :   64
number of required edges        62
1 5 43 127 
1 14 54 61 
1 15 10 20 
2 4 35 99 
2 9 21 36 
2 12 11 32 
3 8 31 72 
3 10 10 10 
4 9 17 34 
5 16 34 47 
6 11 24 70 
7 11 28 39 
7 15 9 16 
8 13 16 42 
9 12 20 31 
9 16 43 66 
14 16 4 7 
17 18 12 15 
17 22 28 68 
17 29 4 10 
18 23 22 58 
18 28 39 111 
19 31 42 85 
20 32 25 63 
21 25 18 34 
21 30 46 89 
22 29 24 38 
23 24 27 60 
23 29 16 18 
24 26 15 30 
27 28 50 72 
27 31 27 29 
31 32 22 47 
33 46 19 46 
34 39 38 111 
34 41 33 94 
35 36 22 50 
35 46 3 7 
36 43 5 15 
36 44 23 29 
36 45 29 76 
37 40 21 58 
38 39 13 22 
38 42 18 24 
38 48 20 47 
39 41 10 23 
39 42 6 11 
45 48 27 28 
49 55 45 114 
49 56 8 10 
49 60 26 66 
50 52 21 45 
51 57 29 33 
51 58 28 43 
51 63 15 25 
51 64 16 33 
52 62 22 55 
53 54 23 52 
53 56 20 25 
54 55 54 143 
54 60 30 37 
56 60 23 39 
number of non required edges        66
1 7 8 6 
2 14 56 38 
3 47 7 0 
3 58 24 19 
4 12 28 16 
4 48 16 11 
5 6 36 15 
5 60 234 127 
6 7 5 4 
6 15 13 2 
8 10 27 11 
8 11 27 4 
10 45 25 10 
10 47 15 1 
11 16 21 17 
12 48 26 22 
13 19 22 2 
13 27 60 34 
13 30 30 0 
14 37 159 140 
15 20 29 4 
17 23 13 1 
18 29 14 2 
19 30 8 3 
19 63 39 24 
20 27 6 5 
20 31 20 1 
21 24 77 58 
21 62 34 24 
22 26 15 3 
22 28 4 0 
24 32 19 11 
25 37 116 105 
25 52 31 5 
25 62 19 7 
26 28 10 5 
26 32 14 12 
30 63 35 28 
33 34 19 1 
33 35 17 11 
33 41 29 1 
34 42 37 18 
35 43 22 19 
37 61 36 16 
38 57 70 40 
40 46 23 15 
40 52 122 40 
40 61 57 39 
41 42 5 1 
43 46 21 7 
43 57 24 14 
44 57 11 4 
44 58 10 4 
44 64 26 19 
45 47 25 22 
47 55 63 4 
49 61 24 15 
50 53 28 27 
50 59 27 22 
50 62 40 15 
53 59 7 1 
54 59 31 29 
55 61 39 38 
56 59 22 2 
58 64 16 2 
63 64 5 1 
