number of vertices :   64
number of required edges        75
1 4 71 209 
1 14 25 28 
2 10 20 39 
2 12 19 54 
3 14 56 95 
4 9 25 72 
4 16 33 76 
5 10 39 40 
5 15 31 63 
5 16 26 36 
6 7 13 38 
7 11 20 28 
8 10 31 54 
8 11 13 34 
9 16 8 12 
10 14 6 9 
11 13 9 15 
12 16 12 15 
17 18 33 80 
17 20 12 30 
18 23 20 52 
18 27 44 125 
19 25 49 99 
19 31 22 56 
19 32 35 67 
22 27 25 49 
22 28 11 17 
22 29 9 20 
24 25 24 27 
24 30 15 30 
25 30 18 26 
28 29 21 22 
28 32 52 111 
29 32 34 82 
30 31 21 61 
31 32 17 49 
33 40 30 68 
33 46 29 64 
34 36 33 95 
34 38 66 84 
35 39 25 66 
35 44 11 31 
35 48 31 52 
36 43 22 30 
36 48 31 73 
37 40 10 23 
37 44 24 46 
37 45 13 13 
37 48 28 71 
38 41 31 40 
38 42 30 76 
39 44 14 30 
40 44 32 36 
41 42 10 15 
43 47 1 1 
49 57 1 2 
49 62 5 13 
50 51 26 59 
50 64 23 29 
51 54 22 58 
51 60 30 37 
51 61 20 34 
52 57 18 49 
52 59 6 14 
53 58 85 94 
53 61 77 203 
54 56 31 69 
54 64 17 41 
55 60 48 88 
55 63 20 42 
56 60 8 22 
56 64 14 20 
57 62 3 5 
59 62 10 13 
60 64 14 25 
number of non required edges        53
1 6 23 2 
1 42 151 122 
2 9 23 19 
2 14 25 3 
3 17 9 5 
3 20 7 0 
3 23 21 18 
4 25 115 16 
5 12 22 2 
6 13 28 4 
6 20 46 21 
7 8 20 12 
7 24 22 20 
8 13 7 0 
9 12 20 15 
11 33 17 12 
13 33 25 5 
15 38 113 14 
15 39 43 25 
15 45 32 29 
17 23 12 2 
18 21 19 7 
19 53 18 9 
20 23 21 18 
21 27 26 21 
21 53 101 6 
21 58 186 130 
22 26 7 0 
24 63 16 7 
26 27 30 26 
26 28 19 8 
26 29 1 0 
30 63 19 13 
31 63 36 11 
34 49 19 13 
34 62 24 6 
35 41 28 9 
36 49 25 14 
39 45 28 11 
40 45 6 2 
41 55 118 88 
42 58 168 148 
43 46 11 0 
43 52 14 9 
46 47 13 12 
46 48 30 24 
47 52 12 4 
47 59 19 3 
50 54 6 5 
50 61 40 39 
55 56 43 4 
57 59 12 1 
58 61 25 9 
