number of vertices :  100
number of required edges       121
1 14 18 53 
2 23 7 8 
3 4 3 6 
3 11 28 79 
3 20 41 70 
4 7 45 129 
5 14 16 37 
5 24 14 14 
6 22 1 2 
6 24 18 25 
8 15 12 35 
8 19 24 34 
9 10 8 14 
9 16 13 34 
10 16 21 33 
11 17 35 53 
12 13 1 2 
13 23 10 12 
14 24 20 48 
16 17 34 84 
18 20 8 21 
18 25 12 34 
19 21 18 36 
20 25 18 46 
21 25 6 11 
22 24 18 35 
26 40 17 27 
26 49 58 129 
27 49 5 5 
28 38 16 32 
28 40 22 31 
28 48 11 11 
29 39 23 49 
29 46 40 96 
30 32 31 90 
30 34 15 43 
30 35 14 32 
30 36 20 44 
31 41 23 67 
32 35 18 23 
32 46 31 81 
33 38 9 25 
33 47 20 34 
33 48 20 27 
34 35 15 35 
34 36 19 43 
34 49 28 53 
36 41 19 20 
37 39 23 58 
37 46 26 34 
38 45 20 51 
38 48 11 24 
39 43 27 30 
39 46 17 26 
40 45 11 18 
40 48 15 31 
41 44 30 75 
42 47 15 34 
42 50 30 38 
43 50 10 27 
45 50 11 13 
51 60 14 24 
51 64 14 39 
51 68 13 31 
52 68 11 12 
52 73 24 63 
53 66 60 133 
53 67 48 114 
54 60 10 18 
54 72 13 27 
54 73 12 32 
55 62 18 26 
55 70 14 26 
56 61 12 16 
56 64 2 4 
57 59 6 7 
58 71 5 13 
58 72 8 22 
60 72 23 28 
60 73 11 24 
61 64 9 9 
63 65 38 106 
63 66 12 15 
63 74 39 46 
63 75 4 5 
65 75 41 79 
69 71 7 16 
71 72 12 34 
76 77 7 8 
76 93 14 36 
76 99 15 37 
77 83 25 36 
77 90 14 17 
77 99 7 15 
78 80 13 37 
78 87 45 61 
78 91 13 23 
79 86 12 25 
79 96 8 22 
80 98 24 64 
81 86 12 13 
81 88 35 84 
81 89 4 4 
82 95 26 51 
82 96 16 45 
83 100 10 19 
84 91 18 39 
84 92 14 34 
84 97 4 6 
85 98 10 24 
86 89 14 21 
86 96 17 29 
87 88 18 39 
87 94 13 24 
88 94 23 43 
88 96 29 73 
90 93 5 14 
90 100 11 12 
91 97 20 47 
93 95 9 27 
93 100 8 22 
number of non required edges        79
1 5 22 8 
1 26 93 18 
1 67 151 144 
2 4 26 25 
2 12 12 1 
2 71 39 5 
3 19 27 10 
4 11 27 17 
5 7 20 0 
6 9 10 2 
6 10 9 6 
7 19 18 12 
7 41 26 6 
8 21 15 2 
8 31 14 8 
9 22 9 6 
10 22 9 6 
11 70 43 12 
12 55 10 0 
12 70 10 4 
13 55 8 4 
13 70 10 4 
14 16 8 0 
15 18 15 14 
15 21 13 11 
15 25 8 6 
17 44 105 89 
17 74 169 156 
18 59 34 15 
20 62 25 20 
23 62 17 12 
23 69 29 24 
26 36 28 0 
27 44 3 2 
27 53 216 181 
27 67 176 25 
28 33 22 18 
29 43 4 0 
29 50 14 10 
31 57 56 48 
31 59 54 23 
32 37 18 8 
35 37 7 4 
42 85 37 26 
42 98 42 28 
43 45 21 3 
44 49 9 3 
47 85 21 9 
47 98 27 12 
51 61 5 2 
52 56 10 9 
52 64 10 0 
53 74 9 8 
54 58 21 20 
56 89 34 33 
57 80 78 58 
57 83 34 26 
58 69 11 9 
59 75 81 54 
61 68 10 2 
62 69 15 10 
65 67 28 12 
65 74 28 2 
66 75 10 7 
66 82 80 11 
68 73 14 13 
76 90 9 7 
78 97 32 31 
79 81 24 4 
79 89 26 16 
80 87 58 49 
82 83 21 12 
84 94 15 1 
85 99 19 8 
91 92 26 8 
92 94 29 22 
92 97 9 5 
95 99 32 23 
95 100 14 3 
