number of vertices :  100
number of required edges       116
1 6 23 68 
1 22 9 10 
2 14 25 49 
2 16 21 60 
3 21 47 80 
4 18 14 41 
4 21 33 76 
4 23 9 9 
5 17 42 85 
5 24 28 39 
5 25 8 23 
6 7 13 18 
6 8 21 37 
6 22 22 57 
7 8 20 31 
8 13 7 11 
8 19 12 20 
9 12 20 25 
9 16 8 19 
9 23 19 47 
10 14 6 16 
10 25 34 97 
12 16 12 24 
14 22 33 84 
15 24 23 44 
16 20 22 43 
17 20 12 19 
18 21 19 42 
20 23 21 24 
24 25 24 48 
26 28 19 27 
26 29 1 1 
26 36 10 21 
27 33 12 29 
27 40 29 85 
27 46 18 51 
27 50 28 63 
28 43 5 11 
28 50 2 6 
29 32 34 43 
29 34 41 108 
29 36 9 25 
30 41 13 22 
31 32 17 23 
31 38 24 56 
32 33 53 120 
32 48 8 15 
33 40 30 31 
34 36 33 84 
35 39 25 32 
36 48 31 79 
37 40 10 21 
39 44 14 16 
39 45 28 43 
40 45 6 10 
41 42 10 21 
43 46 11 28 
43 47 1 2 
43 50 8 10 
44 45 29 77 
51 61 20 25 
52 57 18 31 
52 59 6 17 
52 62 17 41 
52 67 38 42 
53 73 21 55 
54 68 16 36 
55 71 17 41 
56 60 8 15 
56 68 20 42 
56 74 21 56 
57 62 3 4 
57 72 30 55 
58 65 19 25 
59 62 10 18 
60 64 14 16 
60 69 21 55 
60 74 14 39 
61 75 24 29 
62 72 29 62 
64 68 10 10 
65 75 18 50 
66 69 32 41 
66 70 5 6 
66 71 64 84 
67 71 18 35 
67 74 20 45 
68 73 10 29 
69 74 6 7 
70 72 4 10 
77 78 15 37 
78 81 12 17 
78 89 9 11 
79 83 6 13 
79 87 13 37 
79 99 41 56 
80 85 12 22 
80 96 8 16 
81 86 13 36 
81 89 21 56 
81 97 6 6 
82 93 17 41 
82 99 9 9 
83 87 11 22 
83 99 47 130 
84 92 17 33 
84 94 23 50 
84 95 8 19 
85 89 18 30 
86 97 16 39 
88 90 30 46 
89 97 24 41 
91 92 16 35 
92 100 29 53 
93 99 12 23 
94 98 30 75 
number of non required edges        84
1 18 60 52 
1 48 76 5 
2 10 20 13 
2 12 19 18 
3 22 27 22 
3 39 12 4 
3 44 22 4 
4 17 21 20 
5 55 62 60 
7 11 20 2 
7 49 20 2 
9 20 20 7 
10 12 21 13 
11 13 9 0 
11 19 13 2 
11 53 11 7 
13 19 5 3 
13 53 18 4 
14 15 34 6 
15 25 23 13 
15 63 22 16 
17 23 12 9 
18 87 236 67 
19 53 18 1 
21 37 88 41 
24 63 16 8 
26 46 12 4 
28 47 6 0 
30 31 21 20 
30 42 15 12 
30 49 18 14 
31 48 25 21 
33 90 100 92 
34 87 77 35 
34 88 43 35 
35 37 23 17 
35 41 28 23 
35 44 11 0 
37 45 13 9 
38 77 12 10 
38 80 17 2 
38 96 9 7 
41 49 9 2 
42 49 5 3 
42 51 85 73 
46 47 13 5 
47 50 8 3 
51 70 54 31 
51 95 20 14 
54 64 17 11 
54 76 14 2 
54 95 14 6 
55 63 20 8 
55 73 65 29 
56 64 14 6 
57 59 12 10 
58 61 25 0 
58 75 2 1 
58 100 30 29 
59 67 37 36 
61 100 13 9 
63 71 33 25 
65 69 20 16 
65 70 20 13 
66 72 3 0 
73 76 16 10 
75 100 30 12 
76 85 17 1 
76 93 71 49 
77 80 12 1 
77 96 11 10 
78 97 17 14 
79 82 36 35 
82 83 41 6 
84 91 0 0 
85 96 17 14 
86 88 23 13 
86 90 7 0 
88 98 30 13 
90 98 44 13 
91 94 23 18 
91 95 7 4 
92 94 13 9 
93 98 18 4 
